student,0,0
student,0,0
student,0,0
student,3,3
student,3,3
student,3,3,3,3,3,15
student,3,3,3,3,3,15
student,3,3,3,3,3,4,19
student,3,3,3,3,3,4,4,4,4,4,4,4,43
student,3,3,3,3,3,4,4,4,4,4,4,4,0,43
student,0,0,0,0,0,4,4,4,4,4,4,4,4,32
student,3,3,3,3,3,4,4,4,4,4,4,4,4,47
student,3,3,3,3,3,4,4,4,4,4,4,4,4,47
student,3,3,3,3,3,4,4,4,4,4,4,4,0,43
student,3,3,3,3,3,4,4,4,4,4,4,4,4,47
student,3,3,3,3,3,4,4,4,4,4,4,4,4,4,51
student,3,3,3,3,3,4,4,4,4,4,4,4,4,4,51
student,3,3,3,3,3,4,4,4,4,4,4,4,0,4,47
student,3,3,3,3,3,4,4,4,4,4,4,4,4,0,47
student,3,3,3,3,3,4,4,4,4,4,4,4,0,4,47
student,3,3,3,3,3,4,4,4,4,4,4,4,4,4,51
student,3,3,3,3,3,4,4,4,4,4,4,4,0,4,47
student,3,3,3,3,3,4,4,4,4,4,4,4,4,4,51
student,3,3,3,3,3,4,4,4,4,4,4,4,0,4,47
student,3,3,3,3,3,4,4,4,4,4,4,4,4,4,51
student,3,3,3,3,3,4,4,4,4,4,4,4,4,4,51
student,3,3,3,3,3,4,4,4,4,4,4,4,4,8,55
student,3,3,3,3,3,4,4,4,4,4,4,4,4,8,55
student,3,3,3,3,3,4,4,4,4,4,4,4,0,8,10,61
student,3,3,3,3,3,4,4,4,4,4,4,4,0,8,10,61
student,3,3,3,3,3,4,4,4,4,4,4,4,4,8,10,65
student,3,3,3,3,3,4,4,4,4,4,4,4,0,8,10,61
student,3,3,3,3,3,4,4,4,4,4,4,4,0,8,10,61
student,3,3,3,3,3,4,4,4,4,4,4,4,4,8,10,65
student,3,3,3,3,3,4,4,4,4,4,4,4,4,8,10,65
student,3,3,3,3,3,4,4,4,4,4,4,4,4,8,10,65
student,3,3,3,3,3,4,4,4,4,4,4,4,4,8,10,65
student,3,3,3,3,3,4,4,4,4,4,4,4,4,8,10,65
student,3,3,3,3,3,4,4,4,4,4,4,4,4,8,10,65
student,3,3,3,3,3,4,4,4,4,4,4,4,4,8,10,65
student,3,3,3,3,3,4,4,4,4,4,4,4,4,4,4,0,0,0,0,8,10,73
student,3,3,3,3,3,4,4,4,4,4,4,4,4,4,0,0,0,0,0,8,10,69
student,3,3,3,3,3,4,4,4,4,4,4,4,4,4,4,8,10,73
student,3,3,3,3,3,4,4,4,4,4,4,4,4,8,10,65
student,3,3,3,3,3,4,4,4,4,4,4,4,4,4,8,10,69
student,3,3,3,3,3,4,4,4,4,4,4,4,4,4,0,8,10,69
student,3,3,3,3,3,4,4,4,4,4,4,4,4,4,0,8,10,69
student,3,3,3,3,3,4,4,4,4,4,4,4,4,4,0,8,10,69
student,3,3,3,3,3,4,4,4,4,4,4,4,4,4,0,8,10,69
student,3,3,3,3,3,4,4,4,4,4,4,4,4,4,0,8,10,69
student,3,3,3,3,3,4,4,4,4,4,4,4,4,4,0,8,10,69
student,3,3,3,3,3,4,4,4,4,4,4,4,0,0,0,8,10,61
student,3,3,3,3,3,4,4,4,4,4,4,4,4,4,0,8,10,69
student,3,3,3,3,3,4,4,4,4,4,4,4,4,4,0,8,10,69
student,3,3,3,3,3,4,4,4,4,4,4,4,4,4,0,8,10,69
student,3,3,3,3,3,4,4,4,4,4,4,4,4,4,0,8,10,69
student,3,3,3,3,3,4,4,4,4,4,4,4,4,4,0,0,0,0,0,8,10,69
student,3,3,3,3,3,8,4,4,4,4,4,4,4,4,4,0,0,0,0,0,10,69
student,3,3,3,3,3,8,4,4,4,4,4,4,4,4,4,0,0,0,0,0,10,69
student,3,3,3,3,3,8,4,4,4,4,4,4,4,4,4,4,0,0,0,0,10,73
student,3,3,3,3,3,8,4,4,4,4,4,4,4,4,4,0,0,0,0,0,10,69
student,3,3,3,3,3,8,4,4,4,4,4,4,4,4,4,0,0,0,0,0,10,69
student,3,3,3,3,3,8,4,4,4,4,4,4,4,4,4,0,0,0,0,0,10,46
student,3,3,3,3,3,8,4,4,4,4,4,4,4,4,4,0,0,0,0,0,10,18
student,3,3,3,3,3,8,4,4,4,4,4,4,4,10,4,4,0,0,0,0,0,8
student,3,3,3,3,3,8,4,4,4,4,4,4,4,10,4,4,0,0,0,0,0,8
student,3,3,3,3,3,8,4,4,4,4,4,4,4,10,4,4,3,11
student,3,3,3,3,3,8,4,4,4,4,4,4,4,10,4,4,3,0,11
student,3,3,3,3,3,8,4,4,4,4,4,4,4,10,4,4,3,0,82.0
student,3,3,3,3,3,8,4,4,4,4,4,4,4,10,4,4,3,0,82.0
